0	0
0	99.0
1	99.0
1	98.0
2	98.0
2	97.0
3	97.0
3	106.0
4	106.0
4	105.0
5	105.0
5	104.0
6	104.0
6	103.0
7	103.0
7	102.0
8	102.0
8	101.0
9	101.0
9	100.0
10	100.0
10	99.0
11	99.0
11	108.0
12	108.0
12	107.0
13	107.0
13	106.0
14	106.0
14	105.0
15	105.0
15	104.0
16	104.0
16	103.0
17	103.0
17	102.0
18	102.0
18	101.0
19	101.0
19	100.0
20	100.0
20	99.0
21	99.0
21	98.0
22	98.0
22	107.0
23	107.0
23	106.0
24	106.0
24	105.0
25	105.0
25	104.0
26	104.0
26	103.0
27	103.0
27	102.0
28	102.0
28	101.0
29	101.0
29	100.0
30	100.0
30	99.0
31	99.0
31	98.0
32	98.0
32	97.0
33	97.0
33	96.0
34	96.0
34	98.5
35	98.5
35	92.6
36	92.6
36	93.66999999999999
37	93.66999999999999
37	92.65818181818182
38	92.65818181818182
38	91.64636363636363
39	91.64636363636363
39	90.63454545454546
40	90.63454545454546
40	89.62272727272727
41	89.62272727272727
41	88.61090909090909
42	88.61090909090909
42	96.69
43	96.69
43	95.67818181818183
44	95.67818181818183
44	94.66636363636363
45	94.66636363636363
45	93.65454545454546
46	93.65454545454546
46	92.64272727272727
47	92.64272727272727
47	91.6309090909091
48	91.6309090909091
48	90.6190909090909
49	90.6190909090909
49	89.60727272727273
50	89.60727272727273
50	88.59545454545454
51	88.59545454545454
51	87.58363636363636
52	87.58363636363636
52	86.57181818181817
53	86.57181818181817
53	86.68
54	86.68
54	94.71642857142857
55	94.71642857142857
55	95.295
56	95.295
56	99.2308
57	99.2308
57	98.395
58	98.395
58	97.64500000000001
59	97.64500000000001
59	99.23590909090909
60	99.23590909090909
60	98.31122448979592
61	98.31122448979592
61	99.30571428571429
62	99.30571428571429
62	101.63918032786884
63	101.63918032786884
63	100.61064516129032
64	100.61064516129032
64	101.22145161290322
65	101.22145161290322
65	100.21935483870968
66	100.21935483870968
66	99.21725806451613
67	99.21725806451613
67	99.82806451612903
68	99.82806451612903
68	98.82596774193549
69	98.82596774193549
69	97.82387096774194
70	97.82387096774194
70	96.98432835820896
71	96.98432835820896
71	96.02676470588234
72	96.02676470588234
72	95.13842857142856
73	95.13842857142856
73	94.20507042253521
74	94.20507042253521
74	93.20323943661973
75	93.20323943661973
75	92.20140845070422
76	92.20140845070422
76	92.60802816901409
77	92.60802816901409
77	91.60619718309859
78	91.60619718309859
78	92.01281690140844
79	92.01281690140844
79	91.01098591549295
80	91.01098591549295
80	91.41760563380281
81	91.41760563380281
81	90.41577464788733
82	90.41577464788733
82	89.41394366197184
83	89.41394366197184
83	88.41211267605634
84	88.41211267605634
84	84.59338028169014
85	84.59338028169014
85	83.80555555555556
86	83.80555555555556
86	82.80375
87	82.80375
87	81.80194444444444
88	81.80194444444444
88	80.80013888888888
89	80.80013888888888
89	81.18722222222222
90	81.18722222222222
90	80.18541666666667
91	80.18541666666667
91	79.18361111111112
92	79.18361111111112
92	78.18180555555556
93	78.18180555555556
93	77.18
94	77.18
94	77.49763888888889
95	77.49763888888889
95	75.81527777777778
96	75.81527777777778
96	74.53383561643835
97	74.53383561643835
97	73.53068493150684
98	73.53068493150684
98	72.52753424657534
99	72.52753424657534
99	71.52438356164383
100	71.52438356164383
100	70.56232876712329
101	70.56232876712329
101	72.58314285714285
102	72.58314285714285
102	74.437
103	74.437
103	73.43371428571429
104	73.43371428571429
104	72.43042857142858
105	72.43042857142858
105	71.42714285714285
106	71.42714285714285
106	68.99528571428571
107	68.99528571428571
107	68.4287323943662
108	68.4287323943662
108	68.83394366197183
109	68.83394366197183
109	69.23915492957745
110	69.23915492957745
110	68.23591549295774
111	68.23591549295774
111	67.23267605633804
112	67.23267605633804
112	67.63788732394366
113	67.63788732394366
113	66.63464788732395
114	66.63464788732395
114	65.63140845070423
115	65.63140845070423
115	64.6281690140845
116	64.6281690140845
116	63.62492957746479
117	63.62492957746479
117	62.621690140845075
118	62.621690140845075
118	61.88605633802817
119	61.88605633802817
119	58.78422535211268
120	58.78422535211268
120	61.56222222222222
121	61.56222222222222
121	61.441388888888895
122	61.441388888888895
122	59.75111111111111
123	59.75111111111111
123	59.10424657534246
124	59.10424657534246
124	58.648783783783784
125	58.648783783783784
125	58.987027027027025
126	58.987027027027025
126	57.97391891891891
127	57.97391891891891
127	58.31216216216217
128	58.31216216216217
128	58.65040540540541
129	58.65040540540541
129	57.637297297297295
130	57.637297297297295
130	57.18919999999999
131	57.18919999999999
131	56.739736842105266
132	56.739736842105266
132	56.83653846153846
133	56.83653846153846
133	56.3706329113924
134	56.3706329113924
134	55.358354430379755
135	55.358354430379755
135	55.35873417721519
136	55.35873417721519
136	52.46506329113924
137	52.46506329113924
137	51.68025
138	51.68025
138	51.161874999999995
139	51.161874999999995
139	48.289125
140	48.289125
140	48.05876543209877
141	48.05876543209877
141	47.05543209876543
142	47.05543209876543
142	46.05827160493827
143	46.05827160493827
143	45.624375
144	45.624375
144	45.86475
145	45.86475
145	44.855125
146	44.855125
146	43.8455
147	43.8455
147	42.835875
148	42.835875
148	41.82625
149	41.82625
149	42.07125
150	42.07125
150	44.761624999999995
151	44.761624999999995
151	44.3645
152	44.3645
152	42.82876543209877
153	42.82876543209877
153	42.54814814814815
154	42.54814814814815
154	42.114
155	42.114
155	46.043076923076924
156	46.043076923076924
156	46.827777777777776
157	46.827777777777776
157	49.503380281690134
158	49.503380281690134
158	50.732537313432836
159	50.732537313432836
159	52.88625
160	52.88625
160	57.02016393442623
161	57.02016393442623
161	58.0006779661017
162	58.0006779661017
162	63.715178571428574
163	63.715178571428574
163	63.50283018867925
164	63.50283018867925
164	62.24907407407407
165	62.24907407407407
165	62.40094339622642
166	62.40094339622642
166	63.2745283018868
167	63.2745283018868
167	62.27075471698113
168	62.27075471698113
168	62.45076923076923
169	62.45076923076923
169	61.449423076923075
170	61.449423076923075
170	61.71176470588236
171	61.71176470588236
171	65.94851063829788
172	65.94851063829788
172	67.09595744680851
173	67.09595744680851
173	69.07644444444445
174	69.07644444444445
174	69.62204545454546
175	69.62204545454546
175	68.59772727272728
176	68.59772727272728
176	67.5734090909091
177	67.5734090909091
177	66.5490909090909
178	66.5490909090909
178	65.52477272727273
179	65.52477272727273
179	64.50045454545455
180	64.50045454545455
180	63.47613636363636
181	63.47613636363636
181	62.46159090909091
182	62.46159090909091
182	61.43727272727272
183	61.43727272727272
183	60.41295454545455
184	60.41295454545455
184	61.66136363636363
185	61.66136363636363
185	60.65977272727273
186	60.65977272727273
186	61.04558139534884
187	61.04558139534884
187	60.0206976744186
188	60.0206976744186
188	58.99581395348837
189	58.99581395348837
189	57.97093023255814
190	57.97093023255814
190	56.946046511627905
191	56.946046511627905
191	55.92116279069768
192	55.92116279069768
192	54.89627906976744
193	54.89627906976744
193	53.871395348837204
194	53.871395348837204
194	52.84651162790698
195	52.84651162790698
195	51.821627906976744
196	51.821627906976744
196	50.80372093023256
197	50.80372093023256
197	49.806046511627905
198	49.806046511627905
198	49.99809523809524
199	49.99809523809524
199	50.19951219512195
200	50.19951219512195
200	56.535121951219516
201	56.535121951219516
201	56.94075
202	56.94075
202	58.46225
203	58.46225
203	61.534615384615385
204	61.534615384615385
204	62.1371052631579
205	62.1371052631579
205	61.12026315789474
206	61.12026315789474
206	65.36657894736841
207	65.36657894736841
207	65.86289473684211
208	65.86289473684211
208	62.59864864864865
209	62.59864864864865
209	62.429210526315785
210	62.429210526315785
210	61.45973684210526
211	61.45973684210526
211	63.850833333333334
212	63.850833333333334
212	62.841388888888886
213	62.841388888888886
213	61.85972222222222
214	61.85972222222222
214	62.66028571428572
215	62.66028571428572
215	65.43242424242425
216	65.43242424242425
216	64.4069696969697
217	64.4069696969697
217	63.38151515151515
218	63.38151515151515
218	62.35606060606061
219	62.35606060606061
219	61.93666666666667
220	61.93666666666667
220	56.3960606060606
221	56.3960606060606
221	60.49823529411765
222	60.49823529411765
222	59.46705882352941
223	59.46705882352941
223	58.43588235294118
224	58.43588235294118
224	60.375294117647066
225	60.375294117647066
225	64.2030303030303
226	64.2030303030303
226	63.170909090909085
227	63.170909090909085
227	62.13878787878787
228	62.13878787878787
228	61.10666666666667
229	61.10666666666667
229	60.07454545454546
230	60.07454545454546
230	59.07272727272728
231	59.07272727272728
231	59.916875
232	59.916875
232	63.23483870967742
233	63.23483870967742
233	59.374
234	59.374
234	60.88533333333333
235	60.88533333333333
235	59.86
236	59.86
236	58.821333333333335
237	58.821333333333335
237	57.782666666666664
238	57.782666666666664
238	56.77733333333333
239	56.77733333333333
239	55.778666666666666
240	55.778666666666666
240	56.66896551724138
241	56.66896551724138
241	55.65068965517241
242	55.65068965517241
242	54.617586206896554
243	54.617586206896554
243	53.584482758620695
244	53.584482758620695
244	52.55137931034483
245	52.55137931034483
245	51.51827586206896
246	51.51827586206896
246	53.93344827586207
247	53.93344827586207
247	52.9003448275862
248	52.9003448275862
248	51.86724137931035
249	51.86724137931035
249	50.83413793103448
250	50.83413793103448
250	49.8148275862069
251	49.8148275862069
251	52.28862068965517
252	52.28862068965517
252	53.16464285714285
253	53.16464285714285
253	54.105555555555554
254	54.105555555555554
254	56.78111111111111
255	56.78111111111111
255	55.80481481481482
256	55.80481481481482
256	56.96038461538462
257	56.96038461538462
257	58.2284
258	58.2284
258	57.238
259	57.238
259	58.59125
260	58.59125
260	57.64291666666667
261	57.64291666666667
261	61.86909090909091
262	61.86909090909091
262	65.43545454545455
263	65.43545454545455
263	67.52571428571429
264	67.52571428571429
264	66.5
265	66.5
265	65.47428571428571
266	65.47428571428571
266	64.44857142857143
267	64.44857142857143
267	63.42285714285715
268	63.42285714285715
268	62.39714285714285
269	62.39714285714285
269	61.37142857142857
270	61.37142857142857
270	60.39333333333333
271	60.39333333333333
271	62.496
272	62.496
272	64.82315789473685
273	64.82315789473685
273	67.40888888888888
274	67.40888888888888
274	66.39333333333333
275	66.39333333333333
275	65.4
276	65.4
276	64.38444444444445
277	64.38444444444445
277	63.3688888888889
278	63.3688888888889
278	62.353333333333325
279	62.353333333333325
279	61.337777777777774
280	61.337777777777774
280	60.349999999999994
281	60.349999999999994
281	59.419444444444444
282	59.419444444444444
282	61.91294117647059
283	61.91294117647059
283	60.96411764705883
284	60.96411764705883
284	63.76625
285	63.76625
285	62.758125
286	62.758125
286	61.75
287	61.75
287	60.741875
288	60.741875
288	59.73375
289	59.73375
289	58.725625
290	58.725625
290	57.7175
291	57.7175
291	62.959375
292	62.959375
292	61.95125
293	61.95125
293	60.943125
294	60.943125
294	59.935
295	59.935
295	58.96875
296	58.96875
296	58.03125
297	58.03125
297	60.9
298	60.9
298	59.9
299	59.9
299	58.9
300	58.9
300	60.766666666666666
301	60.766666666666666
301	53.464285714285715
302	53.464285714285715
302	56.15133333333333
303	56.15133333333333
303	55.202666666666666
304	55.202666666666666
304	58.12928571428571
